1 51 102 153 0 
2 52 103 154 0 
3 53 104 155 0 
4 54 105 156 0 
5 55 104 157 0 
6 56 106 158 0 
2 57 107 159 0 
7 58 108 160 0 
8 59 109 150 0 
9 60 101 161 0 
10 61 110 162 0 
11 62 111 163 0 
12 63 112 161 0 
13 64 103 153 0 
13 65 113 164 0 
10 66 114 165 0 
14 67 115 165 0 
15 56 116 166 0 
16 68 117 148 0 
17 69 118 167 0 
18 62 119 157 0 
19 70 120 168 0 
20 51 121 169 0 
19 71 122 170 0 
21 72 123 157 0 
22 73 112 171 0 
23 74 124 172 0 
24 75 113 150 0 
25 76 108 148 0 
26 77 125 164 0 
27 78 105 169 0 
28 79 126 173 0 
29 80 115 174 0 
12 53 127 175 0 
30 81 128 174 0 
28 58 129 176 0 
21 82 124 173 0 
18 83 110 177 0 
29 70 130 164 0 
20 60 126 178 0 
31 84 131 179 0 
1 85 111 180 0 
22 86 119 181 0 
21 63 121 182 0 
32 73 132 183 0 
16 87 133 184 0 
33 88 134 178 0 
33 63 109 185 0 
33 89 135 181 0 
34 52 112 186 0 
35 57 136 184 0 
22 71 137 156 0 
3 80 137 166 0 
6 59 138 154 0 
36 90 107 158 0 
37 91 139 171 198 
32 92 140 172 0 
38 71 113 159 0 
39 69 121 162 0 
8 93 141 186 0 
40 87 100 179 0 
41 94 142 154 0 
39 84 139 163 0 
25 95 127 187 0 
19 88 110 188 0 
42 90 132 176 0 
43 74 143 177 0 
9 82 133 183 0 
24 58 144 168 0 
32 77 114 185 0 
23 96 119 189 0 
8 66 102 176 0 
25 54 141 190 0 
42 61 138 156 0 
40 72 138 191 0 
23 65 145 165 0 
43 89 118 149 0 
44 76 118 192 0 
38 97 128 185 187 
45 59 145 193 0 
34 61 146 194 0 
41 86 143 174 0 
27 73 144 177 0 
46 94 123 187 0 
16 51 120 195 0 
7 93 116 192 0 
4 98 125 196 0 
47 62 147 196 0 
36 81 141 170 0 
15 88 142 190 0 
42 65 148 182 0 
36 75 133 167 0 
47 99 117 197 0 
30 56 149 163 0 
38 67 100 197 0 
14 83 135 198 0 
47 53 150 199 0 
29 90 147 169 0 
26 96 146 170 0 
48 60 131 196 0 
30 78 104 160 0 
46 79 107 189 0 
44 87 151 166 0 
4 75 152 188 0 
45 92 129 179 0 
35 55 130 198 0 
5 89 132 195 0 
15 85 140 182 0 
10 82 149 159 0 
9 95 111 168 0 
44 64 147 171 0 
39 93 115 183 0 
14 94 105 180 0 
17 85 130 189 0 
41 66 131 155 0 
49 91 140 175 0 
3 92 103 162 0 
1 98 128 200 0 
5 84 122 200 0 
50 80 152 191 0 
43 79 137 193 0 
18 81 129 161 0 
20 55 151 0 0 
11 100 143 175 0 
35 86 108 199 0 
2 91 125 195 0 
45 54 120 197 0 
50 95 134 158 0 
28 99 152 181 0 
48 67 144 153 0 
11 57 109 192 0 
27 101 136 191 0 
37 78 134 0 0 
6 99 122 172 0 
49 70 123 186 0 
26 69 142 160 0 
40 77 126 180 199 
12 98 145 151 0 
46 68 116 194 0 
13 101 135 0 0 
31 64 146 173 0 
48 96 106 184 0 
17 52 117 178 0 
34 97 136 155 0 
49 76 106 193 0 
50 68 114 200 0 
31 83 127 167 0 
7 97 124 188 0 
37 74 102 194 0 
24 72 139 190 0 